5.0	1653
5.0	1500
5.0	1536
5.0	814
5.0	1122
5.0	1189
5.0	1599
5.0	1467
5.0	1293
5.0	1201
4.625	1449
4.5	1398
4.5	1594
4.5	1642
4.5	119
4.491071	408
4.466443	318
4.4661016	169
4.45679	483
4.447761	114
4.4452295	64
4.38756	603
4.385768	12
4.3584905	50
4.344	178
4.3333335	513
4.3333335	1639
4.3333335	1191
4.292929	134
4.292683	963
4.2922373	427
4.2916665	357
4.2897434	98
4.2849164	480
4.283293	127
4.265432	285
4.262626	272
4.2608695	251
4.259542	657
4.2525773	474
4.252381	174
4.2513967	479
4.25	1064
4.25	1524
4.25	1125
4.245714	313
4.231214	511
4.212121	641
4.210145	484
4.2043595	172
4.20398	515
4.2	1396
4.2	1367
4.2	488
4.1985292	223
4.196429	316
4.1923075	966
4.186603	187
4.1842103	498
4.1757574	199
4.173554	170
4.1728396	173
4.1630435	191
4.1616163	302
4.155512	100
4.1551723	923
4.151515	22
4.15	493
4.1381817	89
4.137097	190
4.1360545	654
4.132231	528
4.12766	1007
4.125	1251
4.1238093	136
4.121212	496
4.120879	23
4.12069	192
4.12069	166
4.1153846	478
4.1153846	489
4.111111	113
4.109375	165
4.1060605	189
4.104839	520
4.1046023	197
4.102941	487
4.1022725	661
4.1004186	185
4.1	647
4.1	611
4.1	315
4.1	519
4.1	1169
4.094017	48
4.078261	659
4.0772357	132
4.0760236	651
4.066456	168
4.064516	1194
4.0625	83
4.0609136	56
4.0602407	59
4.058091	194
4.057971	633
4.053476	124
4.0508475	615
4.05	45
4.05	320
4.047619	1203
4.0454545	694
4.0454545	606
4.0454545	1142
4.045249	180
4.044643	79
4.037037	613
4.034364	183
4.029851	648
4.0288463	709
4.027397	525
4.025	530
4.023256	589
4.021739	524
4.020513	527
4.02	490
4.015625	60
4.012346	604
4.011194	275
4.0111113	1039
4.0078897	181
4.007874	198
4.0067797	96
4.0	1466
4.0	867
4.0	850
4.0	1080
4.0	711
4.0	701
4.0	1130
4.0	1131
4.0	656
4.0	601
4.0	1143
4.0	57
4.0	1158
4.0	512
4.0	505
4.0	494
4.0	430
4.0	1235
4.0	1674
4.0	1651
4.0	1650
4.0	1645
4.0	1636
4.0	1629
4.0	1625
4.0	1623
4.0	1616
4.0	1613
4.0	1604
4.0	1593
4.0	1537
4.0	1533
4.0	1526
4.0	1525
4.0	1516
4.0	1515
4.0	1450
4.0	1512
4.0	1452
4.0	1505
4.0	1498
4.0	1492
4.0	1458
4.0	1482
3.9954338	8
3.9939024	523
3.9927008	705
3.9926472	205
3.991453	242
3.9864864	156
3.9850745	213
3.984375	482
3.9784946	529
3.9782608	921
3.969697	607
3.969112	135
3.9682539	516
3.967742	1019
3.9672132	14
3.9655173	1137
3.96	297
3.9565217	19
3.951613	499
3.9513273	182
3.949074	435
3.9479167	306
3.9471831	176
3.945946	30
3.945	208
3.9444444	811
3.9421487	510
3.9411764	612
3.94	86
3.9381444	429
3.9375	936
3.936508	481
3.9358974	736
3.935484	246
3.933555	195
3.9333334	608
3.9311595	28
3.9305136	210
3.9285715	707
3.926984	269
3.925	945
3.9230769	915
3.9224806	531
3.92	837
3.9171975	193
3.9166667	863
3.9163346	196
3.9126213	211
3.9117646	317
3.9117646	653
3.911111	514
3.9103448	216
3.9095023	179
3.905797	87
3.905759	209
3.9051723	663
3.903226	500
3.9005847	137
3.9	1269
3.8965516	632
3.896321	9
3.892857	813
3.8888888	652
3.8857143	1020
3.884	475
3.8810573	655
3.8783185	1
3.876923	171
3.875	745
3.875	238
3.872428	144
3.871345	133
3.868421	646
3.8681319	203
3.8666666	835
3.8666666	1451
3.8644068	61
3.8644068	492
3.8634362	265
3.8613138	177
3.859155	463
3.857143	1084
3.857143	853
3.8555555	506
3.8548386	750
3.8540146	735
3.8535826	69
3.8512397	509
3.8474576	11
3.8461537	1149
3.8382354	497
3.8366535	186
3.835821	434
3.8342857	204
3.8333333	1124
3.8333333	902
3.8333333	521
3.8333333	856
3.8333333	423
3.8314607	10
3.830645	526
3.8280256	150
3.8252428	200
3.824	116
3.8235295	922
3.8217053	129
3.819672	504
3.8181818	207
3.8181818	428
3.8181818	1073
3.8173077	175
3.8163266	507
3.816	485
3.8157895	1021
3.8155737	228
3.8148148	645
3.8127854	95
3.808642	443
3.8041236	126
3.804054	42
3.804054	462
3.8035364	258
3.802721	293
3.8	1301
3.8	1193
3.8	969
3.8	868
3.7984693	7
3.796875	486
3.7929688	97
3.7928994	684
3.792157	268
3.7920792	588
3.7916667	467
3.7916667	919
3.7910447	491
3.7901235	32
3.7894738	1103
3.7857144	958
3.7854252	153
3.7818182	71
3.778157	15
3.7777777	617
3.7761195	469
3.775	234
3.7727273	896
3.7727273	638
3.7714286	644
3.7714286	522
3.7702703	1101
3.770115	432
3.7692308	52
3.7692308	517
3.7692308	836
3.7692308	909
3.7680411	298
3.7657657	143
3.764706	660
3.7642858	202
3.7619047	1121
3.75	1612
3.75	851
3.75	634
3.75	1643
3.75	1443
3.75	459
3.75	1062
3.75	1600
3.75	1628
3.7471263	154
3.7458746	257
3.745098	614
3.7411764	425
3.7407408	1070
3.7333333	115
3.7297297	221
3.7272727	847
3.7272727	855
3.7263157	131
3.724719	419
3.7232144	93
3.7227724	378
3.7222223	968
3.7209303	792
3.7203064	82
3.717514	283
3.7142856	1243
3.7142856	1462
3.7142856	1456
3.7121212	262
3.7109375	237
3.7093024	99
3.7083333	753
3.7058823	1286
3.704698	55
3.7045455	224
3.7017543	502
3.7	639
3.7	602
3.6981132	215
3.6979866	276
3.6931217	117
3.6929133	157
3.6923077	253
3.6904762	900
3.6904762	1098
3.6900585	433
3.6875	718
3.686567	303
3.685345	282
3.682353	188
3.6818182	1005
3.68	686
3.68	311
3.6764705	699
3.6764705	971
3.675	248
3.6732674	404
3.6714287	558
3.6666667	533
3.6666667	1506
3.6666667	1298
3.6666667	470
3.6666667	1123
3.6666667	965
3.6666667	1147
3.6666667	1172
3.6666667	1144
3.6666667	1504
3.6666667	1418
3.6666667	1448
3.6666667	1368
3.6666667	1428
3.6666667	292
3.6666667	420
3.6638656	746
3.6613545	70
3.661017	495
3.661017	1119
3.660274	222
3.6585367	610
3.6585367	1063
3.6569645	286
3.6545455	344
3.6538463	1240
3.652174	794
3.6516855	518
3.6511629	1050
3.65	732
3.6483517	693
3.6478262	568
3.6457143	58
3.6441948	742
3.6436782	305
3.642857	346
3.6410255	503
3.6341465	152
3.6333334	537
3.6319017	151
3.6310904	300
3.6298702	31
3.6296296	805
3.628049	692
3.625	1262
3.625	1278
3.6222222	236
3.6218488	631
3.6216216	461
3.6190476	543
3.6176472	961
3.6153846	1116
3.6153846	92
3.6153846	1160
3.6111112	1204
3.6111112	618
3.6111112	713
3.6108596	471
3.609375	887
3.6086957	671
3.6086957	956
3.6015038	47
3.6011906	582
3.6011236	591
3.6	310
3.6	939
3.6	1592
3.6	1024
3.6	1375
3.6	1495
3.5961537	466
3.5955882	270
3.5953488	508
3.5945945	382
3.5943396	421
3.5936255	333
3.5925925	464
3.5897436	287
3.5894039	164
3.5874126	91
3.5873015	340
3.5833333	609
3.5813954	418
3.5789473	703
3.5769231	6
3.5744681	789
3.5714285	1558
3.5714285	1459
3.5714285	1129
3.5714285	587
3.5698323	566
3.5696204	710
3.5695066	273
3.5652175	549
3.5647058	465
3.5625	385
3.5625	256
3.557377	125
3.5566037	162
3.5555556	675
3.5555556	1197
3.5555556	46
3.5555556	848
3.5555556	1473
3.5545454	81
3.5543478	163
3.5526316	778
3.5502393	4
3.55	381
3.5493827	66
3.546875	241
3.5454545	1167
3.5454545	954
3.5454545	1159
3.544304	584
3.5441177	392
3.5434783	664
3.5416667	650
3.539906	88
3.539823	331
3.5391304	65
3.5384614	128
3.5369127	304
3.5359478	431
3.5353534	436
3.532258	414
3.53	1012
3.5294118	372
3.5232558	673
3.516854	201
3.5159574	307
3.5151515	993
3.514793	628
3.5133333	239
3.510949	347
3.5041323	447
3.5	1656
3.5	1646
3.5	793
3.5	1631
3.5	107
3.5	730
3.5	1485
3.5	691
3.5	445
3.5	1541
3.5	1202
3.5	141
3.5	361
3.5	359
3.5	1223
3.5	1233
3.5	1237
3.5	1472
3.5	274
3.5	973
3.5	1097
3.495935	501
3.490566	1065
3.488889	942
3.4871795	1221
3.4868422	724
3.4861112	354
3.485294	111
3.484375	416
3.483146	642
3.4827585	1136
3.4818182	161
3.4814816	729
3.4771574	250
3.4761906	740
3.4761906	865
3.4752476	708
3.475	943
3.4736843	1153
3.4702702	147
3.46875	959
3.46875	73
3.4666667	888
3.465909	845
3.4647887	277
3.464706	402
3.463768	160
3.4615386	1218
3.4615386	1099
3.4615386	332
3.4607842	747
3.4603174	727
3.46	806
3.4598541	1016
3.4588234	367
3.4583333	1053
3.4580646	690
3.4567902	51
3.4565217	744
3.4565217	212
3.4561403	218
3.4545455	1067
3.4536083	33
3.4520547	26
3.45	904
3.4482758	741
3.4482758	24
3.4472363	230
3.4444444	267
3.4444444	721
3.4444444	899
3.4444444	389
3.443686	25
3.4414227	288
3.4382284	121
3.4375	1022
3.4310346	184
3.4307692	109
3.4285715	1109
3.4285715	1075
3.4285715	917
3.4285715	1152
3.4285715	1111
3.4278607	403
3.4277778	751
3.4268293	662
3.425	697
3.4242425	538
3.4237287	328
3.421875	616
3.4210527	1277
3.4184783	13
3.4179103	68
3.4177215	658
3.4166667	1483
3.4166667	1211
3.4166667	20
3.413793	1115
3.4114583	393
3.4081633	955
3.4074075	76
3.4054055	937
3.4025974	295
3.4	1431
3.4	1302
3.4	924
3.4	1138
3.4	345
3.4	1406
3.4	649
3.4	1175
3.3913043	762
3.3892617	763
3.3882353	448
3.3859649	770
3.3859649	754
3.3846154	889
3.3846154	1192
3.3846154	387
3.3814433	356
3.38	206
3.3783784	1008
3.3779528	596
3.377143	327
3.375	854
3.375	1009
3.375	1226
3.375	580
3.3700788	291
3.3636363	1176
3.3636363	220
3.3636363	1190
3.360465	255
3.36	326
3.359375	334
3.3589745	622
3.357143	844
3.3566878	685
3.3554218	226
3.3548386	605
3.3508773	214
3.3470588	451
3.34375	1126
3.341772	44
3.3414633	547
3.3404255	366
3.3380282	949
3.3376622	629
3.3376622	676
3.336207	380
3.3333333	1141
3.3333333	1186
3.3333333	1326
3.3333333	592
3.3333333	394
3.3333333	1602
3.3333333	964
3.3333333	781
3.3333333	1148
3.3333333	1463
3.3333333	296
3.3333333	1405
3.3333333	1388
3.3333333	1155
3.3333333	1468
3.3333333	1220
3.3333333	1154
3.3333333	329
3.3333333	1607
3.3292682	625
3.3235295	925
3.3231707	739
3.3209877	49
3.3193278	866
3.3181818	532
3.3181818	953
3.3181818	1168
3.3157895	1134
3.3139534	405
3.3125	468
3.3125	755
3.3076923	752
3.3076923	534
3.3043478	301
3.3033707	399
3.3023255	5
3.3	1114
3.3	1268
3.3	536
3.2962964	348
3.2941177	882
3.2903225	630
3.2903225	233
3.2857144	1200
3.2857144	935
3.2857144	1086
3.2857144	553
3.2857144	1531
3.2857144	884
3.2857144	1264
3.2857144	279
3.284768	550
3.279503	227
3.2781458	77
3.275862	715
3.2738094	319
3.2727273	1113
3.2727273	1195
3.2727273	624
3.2720587	879
3.2666667	1058
3.2643678	39
3.260274	101
3.2564104	874
3.255319	339
3.255319	1118
3.2551725	455
3.25	1296
3.25	1381
3.25	626
3.25	1499
3.25	1664
3.25	1261
3.25	1174
3.25	970
3.25	1426
3.25	1377
3.25	1010
3.2461538	249
3.2439024	1051
3.2417583	636
3.2403846	54
3.24	1045
3.24	1017
3.24	960
3.235294	947
3.2347827	123
3.2333333	278
3.2322276	271
3.232143	815
3.2307692	883
3.2307692	714
3.2307692	787
3.2307692	1187
3.2307692	1404
3.227723	159
3.2266667	627
3.2258065	1011
3.225	1044
3.224138	898
3.2222223	1620
3.2222223	905
3.2222223	1401
3.2222223	776
3.2222223	1282
3.220339	581
3.2169812	895
3.215017	118
3.2131147	140
3.2105262	1245
3.2105262	477
3.2083333	365
3.2083333	562
3.2079208	232
3.206107	2
3.2051282	16
3.2040815	833
3.203125	148
3.2	733
3.2	979
3.2	1344
3.2	1055
3.2	360
3.2	799
3.2	1056
3.2	1397
3.2	390
3.2	1511
3.1937985	72
3.1935484	1041
3.1904762	906
3.1882353	280
3.1875	1018
3.1824818	559
3.1818182	1421
3.1818182	980
3.1785715	972
3.1777778	952
3.1764705	749
3.173913	1046
3.171875	619
3.1711712	219
3.1694915	880
3.1666667	535
3.1666667	967
3.1666667	916
3.1666667	1166
3.1666667	1469
3.1666667	1068
3.1666667	244
3.1666667	1266
3.1666667	593
3.1666667	1069
3.1666667	1591
3.1666667	1328
3.1666667	927
3.164179	371
3.1627908	864
3.1625	312
3.1617646	1035
3.1612904	995
3.1606216	284
3.159091	975
3.1583333	217
3.156701	294
3.1551723	716
3.1549296	544
3.1538463	731
3.1538463	1281
3.1538463	785
3.152174	578
3.1504855	597
3.1494253	689
3.148148	842
3.147541	946
3.1470587	723
3.1463416	350
3.1438355	281
3.142857	1514
3.142857	1294
3.142857	1171
3.142857	1313
3.142857	409
3.142857	1042
3.142857	1198
3.1417322	62
3.1392405	696
3.136	324
3.1333334	1285
3.1333334	1446
3.1304348	962
3.1304348	1315
3.1301775	321
3.1296296	410
3.1296296	102
3.1269841	473
3.125	1238
3.125	1077
3.1234176	748
3.1222222	458
3.1195652	17
3.1176472	557
3.1153846	928
3.1145833	290
3.1111112	812
3.1111112	1150
3.1111112	1004
3.1111112	903
3.1111112	229
3.1111112	766
3.1083333	245
3.1052632	1117
3.1052632	27
3.1020408	155
3.1	570
3.1	1400
3.1	1503
3.097561	63
3.096774	797
3.096774	343
3.0958905	417
3.0952382	872
3.09375	595
3.0930233	620
3.090909	341
3.090909	990
3.0875912	94
3.087156	322
3.0869565	1093
3.0833333	796
3.0822785	472
3.0810812	41
3.0784314	712
3.0769231	768
3.0769231	108
3.0754716	886
3.074074	1170
3.0701754	142
3.0681818	846
3.0677967	561
3.0652175	941
3.0612245	1014
3.0612245	772
3.06	682
3.0555556	1107
3.0526316	90
3.0526316	1265
3.0512822	1060
3.0485437	67
3.046729	679
3.0454545	821
3.0454545	761
3.0416667	704
3.0405405	1028
3.0361445	825
3.0344827	85
3.034188	449
3.0333333	3
3.031496	546
3.03125	974
3.0263157	637
3.0243902	640
3.0243902	330
3.0232558	720
3.0222223	728
3.0215054	576
3.018868	702
3.01875	476
3.0136986	1048
3.0083334	38
3.0	84
3.0	1066
3.0	822
3.0	1085
3.0	1104
3.0	1106
3.0	780
3.0	1120
3.0	75
3.0	74
3.0	698
3.0	1510
3.0	677
3.0	670
3.0	1043
3.0	643
3.0	600
3.0	583
3.0	1507
3.0	1156
3.0	912
3.0	918
3.0	460
3.0	1454
3.0	43
3.0	1196
3.0	1205
3.0	1216
3.0	944
3.0	337
3.0	1501
3.0	1236
3.0	1248
3.0	1252
3.0	1000
3.0	1682
3.0	1681
3.0	1679
3.0	1677
3.0	1675
3.0	1673
3.0	1670
3.0	1267
3.0	1668
3.0	1667
3.0	1658
3.0	1657
3.0	1649
3.0	1647
3.0	1641
3.0	1640
3.0	1638
3.0	1637
3.0	1481
3.0	1635
3.0	1288
3.0	1633
3.0	1632
3.0	1630
3.0	1497
3.0	1627
3.0	992
3.0	1619
3.0	1617
3.0	1615
3.0	1614
3.0	1457
3.0	1611
3.0	1299
3.0	1605
3.0	1603
3.0	1306
3.0	1597
3.0	1310
3.0	1491
3.0	1312
3.0	1589
3.0	1331
3.0	1358
3.0	1372
3.0	1389
3.0	1554
3.0	1550
3.0	1547
3.0	1439
3.0	1543
3.0	1542
3.0	1538
3.0	1490
3.0	1535
3.0	1440
3.0	149
3.0	1447
3.0	1488
3.0	1523
3.0	1521
3.0	1520
3.0	1519
3.0	1518
3.0	869
3.0	857
3.0	1460
3.0	843
2.9830508	737
2.980695	289
2.9782608	1135
2.9767442	379
2.9666667	1133
2.9666667	308
2.9629629	873
2.961039	1074
2.9552238	167
2.953125	53
2.943038	252
2.9411764	773
2.939394	573
2.9375	774
2.9333334	881
2.9333334	1263
2.9333334	323
2.9318182	1025
2.9315069	299
2.9310346	1061
2.9310346	722
2.9268293	355
2.9264705	934
2.925	932
2.9230769	1161
2.9230769	342
2.9230769	695
2.9230769	623
2.9166667	1244
2.9141104	411
2.909091	790
2.909091	621
2.909091	1127
2.9082568	225
2.9069767	809
2.903226	349
2.9	1219
2.9	950
2.8984375	756
2.897436	373
2.8958333	674
2.8947368	40
2.8888888	810
2.8888888	1279
2.8873239	106
2.8846154	800
2.88	1157
2.88	938
2.878049	823
2.877551	541
2.875	1071
2.875	804
2.875	454
2.875	1032
2.875	1475
2.871795	1217
2.8695652	1199
2.8666666	552
2.8636363	984
2.8636363	985
2.857143	1379
2.857143	309
2.857143	1409
2.8536584	1110
2.85	1208
2.8479264	235
2.8461537	1284
2.8461537	422
2.84375	989
2.84375	426
2.84	415
2.8387096	738
2.8387096	808
2.835821	1047
2.8333333	1105
2.8333333	1297
2.8333333	1212
2.8333333	1474
2.8333333	1015
2.8333333	1249
2.8333333	376
2.83	665
2.826087	1006
2.8235295	1038
2.8214285	362
2.8205128	370
2.8205128	951
2.817073	717
2.816092	386
2.8148148	396
2.8125	801
2.8125	765
2.8082192	678
2.8039215	554
2.8026316	401
2.8	999
2.8	982
2.8	567
2.8	18
2.8	1540
2.8	1529
2.8	1517
2.8	1496
2.8	1427
2.8	1385
2.8	1333
2.8	1112
2.7884614	240
2.7826087	384
2.78125	1033
2.78	139
2.7777777	870
2.7777777	807
2.7741935	820
2.7727273	1078
2.7727273	1188
2.7719297	827
2.7714286	1059
2.7692308	775
2.764706	80
2.7619047	21
2.7619047	335
2.76	818
2.7586207	764
2.7586207	572
2.7551022	824
2.7547169	892
2.75	1260
2.75	757
2.75	725
2.75	1036
2.75	1445
2.75	1347
2.75	841
2.75	838
2.75	1429
2.75	1081
2.75	1553
2.75	1413
2.75	1369
2.75	1410
2.75	1560
2.75	1403
2.75	1402
2.75	1479
2.7457628	391
2.7425742	264
2.7391305	635
2.7368422	1210
2.7358491	875
2.7333333	1273
2.7297297	783
2.7272727	560
2.7272727	914
2.7234042	363
2.7230768	672
2.7222223	1478
2.7222223	400
2.7209303	1091
2.7173913	444
2.7169812	849
2.7142856	1316
2.7142856	34
2.7142856	266
2.7142856	1271
2.7029703	926
2.7021277	876
2.7014925	569
2.7	930
2.7	819
2.7	929
2.7	351
2.7	802
2.6938775	977
2.6923077	1128
2.6923077	828
2.6875	1280
2.6851852	259
2.6842105	1283
2.6842105	1206
2.6830986	231
2.6818182	565
2.68	1222
2.68	1163
2.6764705	586
2.6756756	364
2.6666667	1323
2.6666667	1027
2.6666667	891
2.6666667	1544
2.6666667	859
2.6666667	1484
2.6666667	817
2.6666667	1096
2.6666667	706
2.6666667	1386
2.6666667	1145
2.6666667	1370
2.6666667	452
2.6666667	1361
2.6666667	1357
2.6666667	1356
2.6666667	1355
2.6666667	1224
2.6666667	29
2.6666667	1241
2.6603773	840
2.6593406	338
2.652174	760
2.6470587	829
2.642857	786
2.642857	1225
2.6363637	1335
2.6363637	369
2.6363637	413
2.6341465	771
2.631579	579
2.627907	336
2.625	1132
2.625	1082
2.625	1100
2.6206896	1095
2.6166666	158
2.6153846	358
2.6060605	1139
2.6	782
2.6	1555
2.6	1470
2.6	1425
2.6	1242
2.6	1353
2.6	1040
2.6	700
2.5892856	395
2.5833333	397
2.580645	1023
2.5789473	138
2.575	826
2.574803	260
2.5714285	1411
2.5714285	1173
2.5714285	1295
2.5714285	1435
2.5714285	1441
2.5675676	105
2.5660377	441
2.5652175	986
2.5625	998
2.5588236	680
2.5581396	261
2.5555556	803
2.548387	779
2.546875	325
2.5454545	575
2.5454545	832
2.5384614	877
2.5333333	1209
2.5294118	542
2.5217392	1258
2.52	1049
2.5185184	734
2.5185184	1034
2.5185184	978
2.516129	110
2.5151515	878
2.511628	407
2.511628	540
2.5	1477
2.5	146
2.5	1455
2.5	1436
2.5	1434
2.5	1545
2.5	996
2.5	1417
2.5	1573
2.5	1342
2.5	1330
2.5	1585
2.5	1321
2.5	1311
2.5	1598
2.5	1304
2.5	1662
2.5	1276
2.5	1275
2.5	1231
2.5	1184
2.5	1181
2.5	1180
2.5	556
2.5	571
2.5	791
2.5	1092
2.5	1083
2.5	839
2.5	908
2.5	1026
2.5	911
2.5	913
2.5	987
2.4871795	585
2.4772727	539
2.4736843	1178
2.4736843	1444
2.4705882	1232
2.4615386	831
2.4583333	1228
2.4545455	78
2.4545455	1314
2.452381	769
2.451613	254
2.45	112
2.4489796	406
2.4461539	145
2.4444444	446
2.4444444	1471
2.4444444	1239
2.4444444	1415
2.4444444	681
2.439394	243
2.4285715	1399
2.4285715	1527
2.4285715	1522
2.4285715	816
2.4285715	893
2.4285715	1072
2.4285715	353
2.4285715	933
2.4285715	1394
2.4285715	1253
2.4285715	1305
2.4285715	726
2.4285715	1102
2.4285715	795
2.4166667	551
2.4166667	1094
2.413793	563
2.413793	719
2.4081633	683
2.4054055	1090
2.4	594
2.4	1416
2.4	1108
2.4	666
2.4	1324
2.4	1438
2.4	871
2.4	1442
2.4	983
2.4	1346
2.3978496	412
2.3968253	450
2.392857	388
2.375	1227
2.375	1234
2.34375	940
2.3396227	122
2.3333333	1622
2.3333333	861
2.3333333	1528
2.3333333	1424
2.3333333	1380
2.3333333	1508
2.3333333	1464
2.3333333	1303
2.3333333	1430
2.3333333	1337
2.3333333	1327
2.3333333	1395
2.3333333	1300
2.3333333	1322
2.3333333	1465
2.3181818	1057
2.3139534	988
2.3125	456
2.3076923	1182
2.3043478	1054
2.2941177	1207
2.2941177	1140
2.2894738	1013
2.2857144	1031
2.2857144	1270
2.2857144	994
2.28	1052
2.2777777	1185
2.2727273	1480
2.2727273	374
2.2608695	130
2.25	598
2.25	1608
2.25	1003
2.25	860
2.25	1423
2.25	1076
2.25	1338
2.25	1422
2.25	37
2.25	1407
2.25	1255
2.25	1030
2.2444444	1079
2.24	991
2.238806	120
2.2307692	1088
2.2307692	885
2.2222223	798
2.2195122	577
2.2105262	1183
2.2	1378
2.2	1291
2.2	834
2.2	920
2.2	1489
2.2	574
2.1884058	687
2.1818182	759
2.1818182	35
2.1818182	767
2.1666667	1534
2.1666667	948
2.1666667	667
2.1666667	668
2.1666667	1213
2.1666667	548
2.1666667	1164
2.1578948	263
2.1578948	931
2.1538463	1229
2.1538463	377
2.1538463	36
2.142857	1376
2.142857	1151
2.142857	1289
2.131579	1089
2.125	997
2.125	1419
2.1153846	352
2.1111112	1393
2.1111112	1179
2.1111112	862
2.0769231	398
2.064516	383
2.0370371	564
2.0	1461
2.0	1513
2.0	1578
2.0	1351
2.0	1037
2.0	1362
2.0	1530
2.0	907
2.0	1214
2.0	1532
2.0	1345
2.0	1556
2.0	1453
2.0	1001
2.0	1414
2.0	1634
2.0	1029
2.0	1610
2.0	1648
2.0	555
2.0	910
2.0	1332
2.0	1476
2.0	1552
2.0	1487
2.0	1146
2.0	1624
2.0	590
2.0	1437
2.0	1590
2.0	1433
2.0	1256
2.0	1655
2.0	1382
2.0	1383
2.0	1551
2.0	1596
2.0	1259
2.0	1588
2.0	1387
2.0	1660
2.0	1317
2.0	1390
2.0	1391
2.0	1680
2.0	1595
2.0	1392
2.0	1676
2.0	1672
2.0	957
2.0	1669
2.0	1666
2.0	1665
2.0	1663
2.0	1606
1.9565217	375
1.9534883	890
1.948718	743
1.9375	453
1.9333333	1215
1.9166666	901
1.9032258	368
1.8947369	894
1.875	1002
1.8666667	103
1.8571428	1165
1.8571428	1177
1.8409091	688
1.8333334	1230
1.8333334	545
1.8333334	976
1.8333334	1247
1.8181819	1254
1.8	247
1.8	1272
1.8	1336
1.75	1539
1.75	1319
1.75	1257
1.75	981
1.7407408	457
1.7272727	1274
1.7142857	758
1.7	1087
1.6666666	1292
1.6666666	1652
1.6666666	1384
1.6666666	788
1.6666666	1412
1.6666666	1609
1.6428572	440
1.6153846	669
1.6	1162
1.6	1509
1.5714285	1246
1.5	1307
1.5	1360
1.5	1502
1.5	1644
1.5	897
1.5	1371
1.5	1350
1.5	1549
1.5	1290
1.5	1250
1.5	1365
1.4	104
1.3333334	1287
1.3333334	1420
1.3333334	1318
1.3157895	424
1.25	777
1.25	442
1.1666666	438
1.0	1557
1.0	1559
1.0	1561
1.0	1562
1.0	1563
1.0	1564
1.0	784
1.0	1565
1.0	1566
1.0	1548
1.0	830
1.0	1567
1.0	1546
1.0	1568
1.0	1569
1.0	1432
1.0	1570
1.0	599
1.0	852
1.0	858
1.0	1572
1.0	1374
1.0	1373
1.0	1574
1.0	1575
1.0	1576
1.0	1577
1.0	1366
1.0	1364
1.0	1363
1.0	439
1.0	437
1.0	1359
1.0	1579
1.0	1354
1.0	1352
1.0	1349
1.0	1348
1.0	1580
1.0	1343
1.0	1341
1.0	1340
1.0	1581
1.0	1339
1.0	1334
1.0	1582
1.0	314
1.0	1583
1.0	1494
1.0	1493
1.0	1329
1.0	1584
1.0	1325
1.0	1486
1.0	1320
1.0	1586
1.0	1309
1.0	1308
1.0	1678
1.0	1671
1.0	1587
1.0	1601
1.0	1661
1.0	1659
1.0	1654
1.0	1571
1.0	1618
1.0	1621
1.0	1626
1.0	1408
