1	3.8783185
10	3.8314607
100	4.155512
1000	3.0
1001	2.0
1002	1.875
1003	2.25
1004	3.1111112
1005	3.6818182
1006	2.826087
1007	4.12766
1008	3.3783784
1009	3.375
101	3.260274
1010	3.25
1011	3.2258065
1012	3.53
1013	2.2894738
1014	3.0612245
1015	2.8333333
1016	3.4598541
1017	3.24
1018	3.1875
1019	3.967742
102	3.1296296
1020	3.8857143
1021	3.8157895
1022	3.4375
1023	2.580645
1024	3.6
1025	2.9318182
1026	2.5
1027	2.6666667
1028	3.0405405
1029	2.0
103	1.8666667
1030	2.25
1031	2.2857144
1032	2.875
1033	2.78125
1034	2.5185184
1035	3.1617646
1036	2.75
1037	2.0
1038	2.8235295
1039	4.0111113
104	1.4
1040	2.6
1041	3.1935484
1042	3.142857
1043	3.0
1044	3.225
1045	3.24
1046	3.173913
1047	2.835821
1048	3.0136986
1049	2.52
105	2.5675676
1050	3.6511629
1051	3.2439024
1052	2.28
1053	3.4583333
1054	2.3043478
1055	3.2
1056	3.2
1057	2.3181818
1058	3.2666667
1059	2.7714286
106	2.8873239
1060	3.0512822
1061	2.9310346
1062	3.75
1063	3.6585367
1064	4.25
1065	3.490566
1066	3.0
1067	3.4545455
1068	3.1666667
1069	3.1666667
107	3.5
1070	3.7407408
1071	2.875
1072	2.4285715
1073	3.8181818
1074	2.961039
1075	3.4285715
1076	2.25
1077	3.125
1078	2.7727273
1079	2.2444444
108	3.0769231
1080	4.0
1081	2.75
1082	2.625
1083	2.5
1084	3.857143
1085	3.0
1086	3.2857144
1087	1.7
1088	2.2307692
1089	2.131579
109	3.4307692
1090	2.4054055
1091	2.7209303
1092	2.5
1093	3.0869565
1094	2.4166667
1095	2.6206896
1096	2.6666667
1097	3.5
1098	3.6904762
1099	3.4615386
11	3.8474576
110	2.516129
1100	2.625
1101	3.7702703
1102	2.4285715
1103	3.7894738
1104	3.0
1105	2.8333333
1106	3.0
1107	3.0555556
1108	2.4
1109	3.4285715
111	3.485294
1110	2.8536584
1111	3.4285715
1112	2.8
1113	3.2727273
1114	3.3
1115	3.413793
1116	3.6153846
1117	3.1052632
1118	3.255319
1119	3.661017
112	2.45
1120	3.0
1121	3.7619047
1122	5.0
1123	3.6666667
1124	3.8333333
1125	4.25
1126	3.34375
1127	2.909091
1128	2.6923077
1129	3.5714285
113	4.111111
1130	4.0
1131	4.0
1132	2.625
1133	2.9666667
1134	3.3157895
1135	2.9782608
1136	3.4827585
1137	3.9655173
1138	3.4
1139	2.6060605
114	4.447761
1140	2.2941177
1141	3.3333333
1142	4.0454545
1143	4.0
1144	3.6666667
1145	2.6666667
1146	2.0
1147	3.6666667
1148	3.3333333
1149	3.8461537
115	3.7333333
1150	3.1111112
1151	2.142857
1152	3.4285715
1153	3.4736843
1154	3.3333333
1155	3.3333333
1156	3.0
1157	2.88
1158	4.0
1159	3.5454545
116	3.824
1160	3.6153846
1161	2.9230769
1162	1.6
1163	2.68
1164	2.1666667
1165	1.8571428
1166	3.1666667
1167	3.5454545
1168	3.3181818
1169	4.1
117	3.6931217
1170	3.074074
1171	3.142857
1172	3.6666667
1173	2.5714285
1174	3.25
1175	3.4
1176	3.3636363
1177	1.8571428
1178	2.4736843
1179	2.1111112
118	3.215017
1180	2.5
1181	2.5
1182	2.3076923
1183	2.2105262
1184	2.5
1185	2.2777777
1186	3.3333333
1187	3.2307692
1188	2.7727273
1189	5.0
119	4.5
1190	3.3636363
1191	4.3333335
1192	3.3846154
1193	3.8
1194	4.064516
1195	3.2727273
1196	3.0
1197	3.5555556
1198	3.142857
1199	2.8695652
12	4.385768
120	2.238806
1200	3.2857144
1201	5.0
1202	3.5
1203	4.047619
1204	3.6111112
1205	3.0
1206	2.6842105
1207	2.2941177
1208	2.85
1209	2.5333333
121	3.4382284
1210	2.7368422
1211	3.4166667
1212	2.8333333
1213	2.1666667
1214	2.0
1215	1.9333333
1216	3.0
1217	2.871795
1218	3.4615386
1219	2.9
122	2.3396227
1220	3.3333333
1221	3.4871795
1222	2.68
1223	3.5
1224	2.6666667
1225	2.642857
1226	3.375
1227	2.375
1228	2.4583333
1229	2.1538463
123	3.2347827
1230	1.8333334
1231	2.5
1232	2.4705882
1233	3.5
1234	2.375
1235	4.0
1236	3.0
1237	3.5
1238	3.125
1239	2.4444444
124	4.053476
1240	3.6538463
1241	2.6666667
1242	2.6
1243	3.7142856
1244	2.9166667
1245	3.2105262
1246	1.5714285
1247	1.8333334
1248	3.0
1249	2.8333333
125	3.557377
1250	1.5
1251	4.125
1252	3.0
1253	2.4285715
1254	1.8181819
1255	2.25
1256	2.0
1257	1.75
1258	2.5217392
1259	2.0
126	3.8041236
1260	2.75
1261	3.25
1262	3.625
1263	2.9333334
1264	3.2857144
1265	3.0526316
1266	3.1666667
1267	3.0
1268	3.3
1269	3.9
127	4.283293
1270	2.2857144
1271	2.7142856
1272	1.8
1273	2.7333333
1274	1.7272727
1275	2.5
1276	2.5
1277	3.4210527
1278	3.625
1279	2.8888888
128	3.5384614
1280	2.6875
1281	3.1538463
1282	3.2222223
1283	2.6842105
1284	2.8461537
1285	3.1333334
1286	3.7058823
1287	1.3333334
1288	3.0
1289	2.142857
129	3.8217053
1290	1.5
1291	2.2
1292	1.6666666
1293	5.0
1294	3.142857
1295	2.5714285
1296	3.25
1297	2.8333333
1298	3.6666667
1299	3.0
13	3.4184783
130	2.2608695
1300	2.3333333
1301	3.8
1302	3.4
1303	2.3333333
1304	2.5
1305	2.4285715
1306	3.0
1307	1.5
1308	1.0
1309	1.0
131	3.7263157
1310	3.0
1311	2.5
1312	3.0
1313	3.142857
1314	2.4545455
1315	3.1304348
1316	2.7142856
1317	2.0
1318	1.3333334
1319	1.75
132	4.0772357
1320	1.0
1321	2.5
1322	2.3333333
1323	2.6666667
1324	2.4
1325	1.0
1326	3.3333333
1327	2.3333333
1328	3.1666667
1329	1.0
133	3.871345
1330	2.5
1331	3.0
1332	2.0
1333	2.8
1334	1.0
1335	2.6363637
1336	1.8
1337	2.3333333
1338	2.25
1339	1.0
134	4.292929
1340	1.0
1341	1.0
1342	2.5
1343	1.0
1344	3.2
1345	2.0
1346	2.4
1347	2.75
1348	1.0
1349	1.0
135	3.969112
1350	1.5
1351	2.0
1352	1.0
1353	2.6
1354	1.0
1355	2.6666667
1356	2.6666667
1357	2.6666667
1358	3.0
1359	1.0
136	4.1238093
1360	1.5
1361	2.6666667
1362	2.0
1363	1.0
1364	1.0
1365	1.5
1366	1.0
1367	4.2
1368	3.6666667
1369	2.75
137	3.9005847
1370	2.6666667
1371	1.5
1372	3.0
1373	1.0
1374	1.0
1375	3.6
1376	2.142857
1377	3.25
1378	2.2
1379	2.857143
138	2.5789473
1380	2.3333333
1381	3.25
1382	2.0
1383	2.0
1384	1.6666666
1385	2.8
1386	2.6666667
1387	2.0
1388	3.3333333
1389	3.0
139	2.78
1390	2.0
1391	2.0
1392	2.0
1393	2.1111112
1394	2.4285715
1395	2.3333333
1396	4.2
1397	3.2
1398	4.5
1399	2.4285715
14	3.9672132
140	3.2131147
1400	3.1
1401	3.2222223
1402	2.75
1403	2.75
1404	3.2307692
1405	3.3333333
1406	3.4
1407	2.25
1408	1.0
1409	2.857143
141	3.5
1410	2.75
1411	2.5714285
1412	1.6666666
1413	2.75
1414	2.0
1415	2.4444444
1416	2.4
1417	2.5
1418	3.6666667
1419	2.125
142	3.0701754
1420	1.3333334
1421	3.1818182
1422	2.25
1423	2.25
1424	2.3333333
1425	2.6
1426	3.25
1427	2.8
1428	3.6666667
1429	2.75
143	3.7657657
1430	2.3333333
1431	3.4
1432	1.0
1433	2.0
1434	2.5
1435	2.5714285
1436	2.5
1437	2.0
1438	2.4
1439	3.0
144	3.872428
1440	3.0
1441	2.5714285
1442	2.4
1443	3.75
1444	2.4736843
1445	2.75
1446	3.1333334
1447	3.0
1448	3.6666667
1449	4.625
145	2.4461539
1450	4.0
1451	3.8666666
1452	4.0
1453	2.0
1454	3.0
1455	2.5
1456	3.7142856
1457	3.0
1458	4.0
1459	3.5714285
146	2.5
1460	3.0
1461	2.0
1462	3.7142856
1463	3.3333333
1464	2.3333333
1465	2.3333333
1466	4.0
1467	5.0
1468	3.3333333
1469	3.1666667
147	3.4702702
1470	2.6
1471	2.4444444
1472	3.5
1473	3.5555556
1474	2.8333333
1475	2.875
1476	2.0
1477	2.5
1478	2.7222223
1479	2.75
148	3.203125
1480	2.2727273
1481	3.0
1482	4.0
1483	3.4166667
1484	2.6666667
1485	3.5
1486	1.0
1487	2.0
1488	3.0
1489	2.2
149	3.0
1490	3.0
1491	3.0
1492	4.0
1493	1.0
1494	1.0
1495	3.6
1496	2.8
1497	3.0
1498	4.0
1499	3.25
15	3.778157
150	3.8280256
1500	5.0
1501	3.0
1502	1.5
1503	3.1
1504	3.6666667
1505	4.0
1506	3.6666667
1507	3.0
1508	2.3333333
1509	1.6
151	3.6319017
1510	3.0
1511	3.2
1512	4.0
1513	2.0
1514	3.142857
1515	4.0
1516	4.0
1517	2.8
1518	3.0
1519	3.0
152	3.6341465
1520	3.0
1521	3.0
1522	2.4285715
1523	3.0
1524	4.25
1525	4.0
1526	4.0
1527	2.4285715
1528	2.3333333
1529	2.8
153	3.7854252
1530	2.0
1531	3.2857144
1532	2.0
1533	4.0
1534	2.1666667
1535	3.0
1536	5.0
1537	4.0
1538	3.0
1539	1.75
154	3.7471263
1540	2.8
1541	3.5
1542	3.0
1543	3.0
1544	2.6666667
1545	2.5
1546	1.0
1547	3.0
1548	1.0
1549	1.5
155	3.1020408
1550	3.0
1551	2.0
1552	2.0
1553	2.75
1554	3.0
1555	2.6
1556	2.0
1557	1.0
1558	3.5714285
1559	1.0
156	3.9864864
1560	2.75
1561	1.0
1562	1.0
1563	1.0
1564	1.0
1565	1.0
1566	1.0
1567	1.0
1568	1.0
1569	1.0
157	3.6929133
1570	1.0
1571	1.0
1572	1.0
1573	2.5
1574	1.0
1575	1.0
1576	1.0
1577	1.0
1578	2.0
1579	1.0
158	2.6166666
1580	1.0
1581	1.0
1582	1.0
1583	1.0
1584	1.0
1585	2.5
1586	1.0
1587	1.0
1588	2.0
1589	3.0
159	3.227723
1590	2.0
1591	3.1666667
1592	3.6
1593	4.0
1594	4.5
1595	2.0
1596	2.0
1597	3.0
1598	2.5
1599	5.0
16	3.2051282
160	3.463768
1600	3.75
1601	1.0
1602	3.3333333
1603	3.0
1604	4.0
1605	3.0
1606	2.0
1607	3.3333333
1608	2.25
1609	1.6666666
161	3.4818182
1610	2.0
1611	3.0
1612	3.75
1613	4.0
1614	3.0
1615	3.0
1616	4.0
1617	3.0
1618	1.0
1619	3.0
162	3.5566037
1620	3.2222223
1621	1.0
1622	2.3333333
1623	4.0
1624	2.0
1625	4.0
1626	1.0
1627	3.0
1628	3.75
1629	4.0
163	3.5543478
1630	3.0
1631	3.5
1632	3.0
1633	3.0
1634	2.0
1635	3.0
1636	4.0
1637	3.0
1638	3.0
1639	4.3333335
164	3.5894039
1640	3.0
1641	3.0
1642	4.5
1643	3.75
1644	1.5
1645	4.0
1646	3.5
1647	3.0
1648	2.0
1649	3.0
165	4.109375
1650	4.0
1651	4.0
1652	1.6666666
1653	5.0
1654	1.0
1655	2.0
1656	3.5
1657	3.0
1658	3.0
1659	1.0
166	4.12069
1660	2.0
1661	1.0
1662	2.5
1663	2.0
1664	3.25
1665	2.0
1666	2.0
1667	3.0
1668	3.0
1669	2.0
167	2.9552238
1670	3.0
1671	1.0
1672	2.0
1673	3.0
1674	4.0
1675	3.0
1676	2.0
1677	3.0
1678	1.0
1679	3.0
168	4.066456
1680	2.0
1681	3.0
1682	3.0
169	4.4661016
17	3.1195652
170	4.173554
171	3.876923
172	4.2043595
173	4.1728396
174	4.252381
175	3.8173077
176	3.9471831
177	3.8613138
178	4.344
179	3.9095023
18	2.8
180	4.045249
181	4.0078897
182	3.9513273
183	4.034364
184	3.4310346
185	4.1004186
186	3.8366535
187	4.186603
188	3.682353
189	4.1060605
19	3.9565217
190	4.137097
191	4.1630435
192	4.12069
193	3.9171975
194	4.058091
195	3.933555
196	3.9163346
197	4.1046023
198	4.007874
199	4.1757574
2	3.206107
20	3.4166667
200	3.8252428
201	3.516854
202	3.7642858
203	3.8681319
204	3.8342857
205	3.9926472
206	3.38
207	3.8181818
208	3.945
209	3.905759
21	2.7619047
210	3.9305136
211	3.9126213
212	3.4565217
213	3.9850745
214	3.3508773
215	3.6981132
216	3.9103448
217	3.1583333
218	3.4561403
219	3.1711712
22	4.151515
220	3.3636363
221	3.7297297
222	3.660274
223	4.1985292
224	3.7045455
225	2.9082568
226	3.3554218
227	3.279503
228	3.8155737
229	3.1111112
23	4.120879
230	3.4472363
231	2.6830986
232	3.2079208
233	3.2903225
234	3.775
235	2.8479264
236	3.6222222
237	3.7109375
238	3.875
239	3.5133333
24	3.4482758
240	2.7884614
241	3.546875
242	3.991453
243	2.439394
244	3.1666667
245	3.1083333
246	3.935484
247	1.8
248	3.675
249	3.2461538
25	3.443686
250	3.4771574
251	4.2608695
252	2.943038
253	3.6923077
254	2.451613
255	3.360465
256	3.5625
257	3.7458746
258	3.8035364
259	2.6851852
26	3.4520547
260	2.574803
261	2.5581396
262	3.7121212
263	2.1578948
264	2.7425742
265	3.8634362
266	2.7142856
267	3.4444444
268	3.792157
269	3.926984
27	3.1052632
270	3.5955882
271	3.2322276
272	4.262626
273	3.5695066
274	3.5
275	4.011194
276	3.6979866
277	3.4647887
278	3.2333333
279	3.2857144
28	3.9311595
280	3.1882353
281	3.1438355
282	3.685345
283	3.717514
284	3.1606216
285	4.265432
286	3.6569645
287	3.5897436
288	3.4414227
289	2.980695
29	2.6666667
290	3.1145833
291	3.3700788
292	3.6666667
293	3.802721
294	3.156701
295	3.4025974
296	3.3333333
297	3.96
298	3.7680411
299	2.9315069
3	3.0333333
30	3.945946
300	3.6310904
301	3.3043478
302	4.1616163
303	3.686567
304	3.5369127
305	3.6436782
306	3.9479167
307	3.5159574
308	2.9666667
309	2.857143
31	3.6298702
310	3.6
311	3.68
312	3.1625
313	4.245714
314	1.0
315	4.1
316	4.196429
317	3.9117646
318	4.466443
319	3.2738094
32	3.7901235
320	4.05
321	3.1301775
322	3.087156
323	2.9333334
324	3.136
325	2.546875
326	3.36
327	3.377143
328	3.4237287
329	3.3333333
33	3.4536083
330	3.0243902
331	3.539823
332	3.4615386
333	3.5936255
334	3.359375
335	2.7619047
336	2.627907
337	3.0
338	2.6593406
339	3.255319
34	2.7142856
340	3.5873015
341	3.090909
342	2.9230769
343	3.096774
344	3.6545455
345	3.4
346	3.642857
347	3.510949
348	3.2962964
349	2.903226
35	2.1818182
350	3.1463416
351	2.7
352	2.1153846
353	2.4285715
354	3.4861112
355	2.9268293
356	3.3814433
357	4.2916665
358	2.6153846
359	3.5
36	2.1538463
360	3.2
361	3.5
362	2.8214285
363	2.7234042
364	2.6756756
365	3.2083333
366	3.3404255
367	3.4588234
368	1.9032258
369	2.6363637
37	2.25
370	2.8205128
371	3.164179
372	3.5294118
373	2.897436
374	2.2727273
375	1.9565217
376	2.8333333
377	2.1538463
378	3.7227724
379	2.9767442
38	3.0083334
380	3.336207
381	3.55
382	3.5945945
383	2.064516
384	2.7826087
385	3.5625
386	2.816092
387	3.3846154
388	2.392857
389	3.4444444
39	3.2643678
390	3.2
391	2.7457628
392	3.5441177
393	3.4114583
394	3.3333333
395	2.5892856
396	2.8148148
397	2.5833333
398	2.0769231
399	3.3033707
4	3.5502393
40	2.8947368
400	2.7222223
401	2.8026316
402	3.464706
403	3.4278607
404	3.6732674
405	3.3139534
406	2.4489796
407	2.511628
408	4.491071
409	3.142857
41	3.0810812
410	3.1296296
411	2.9141104
412	2.3978496
413	2.6363637
414	3.532258
415	2.84
416	3.484375
417	3.0958905
418	3.5813954
419	3.724719
42	3.804054
420	3.6666667
421	3.5943396
422	2.8461537
423	3.8333333
424	1.3157895
425	3.7411764
426	2.84375
427	4.2922373
428	3.8181818
429	3.9381444
43	3.0
430	4.0
431	3.5359478
432	3.770115
433	3.6900585
434	3.835821
435	3.949074
436	3.5353534
437	1.0
438	1.1666666
439	1.0
44	3.341772
440	1.6428572
441	2.5660377
442	1.25
443	3.808642
444	2.7173913
445	3.5
446	2.4444444
447	3.5041323
448	3.3882353
449	3.034188
45	4.05
450	2.3968253
451	3.3470588
452	2.6666667
453	1.9375
454	2.875
455	3.2551725
456	2.3125
457	1.7407408
458	3.1222222
459	3.75
46	3.5555556
460	3.0
461	3.6216216
462	3.804054
463	3.859155
464	3.5925925
465	3.5647058
466	3.5961537
467	3.7916667
468	3.3125
469	3.7761195
47	3.6015038
470	3.6666667
471	3.6108596
472	3.0822785
473	3.1269841
474	4.2525773
475	3.884
476	3.01875
477	3.2105262
478	4.1153846
479	4.2513967
48	4.094017
480	4.2849164
481	3.936508
482	3.984375
483	4.45679
484	4.210145
485	3.816
486	3.796875
487	4.102941
488	4.2
489	4.1153846
49	3.3209877
490	4.02
491	3.7910447
492	3.8644068
493	4.15
494	4.0
495	3.661017
496	4.121212
497	3.8382354
498	4.1842103
499	3.951613
5	3.3023255
50	4.3584905
500	3.903226
501	3.495935
502	3.7017543
503	3.6410255
504	3.819672
505	4.0
506	3.8555555
507	3.8163266
508	3.5953488
509	3.8512397
51	3.4567902
510	3.9421487
511	4.231214
512	4.0
513	4.3333335
514	3.911111
515	4.20398
516	3.9682539
517	3.7692308
518	3.6516855
519	4.1
52	3.7692308
520	4.104839
521	3.8333333
522	3.7714286
523	3.9939024
524	4.021739
525	4.027397
526	3.830645
527	4.020513
528	4.132231
529	3.9784946
53	2.953125
530	4.025
531	3.9224806
532	3.3181818
533	3.6666667
534	3.3076923
535	3.1666667
536	3.3
537	3.6333334
538	3.4242425
539	2.4772727
54	3.2403846
540	2.511628
541	2.877551
542	2.5294118
543	3.6190476
544	3.1549296
545	1.8333334
546	3.031496
547	3.3414633
548	2.1666667
549	3.5652175
55	3.704698
550	3.284768
551	2.4166667
552	2.8666666
553	3.2857144
554	2.8039215
555	2.0
556	2.5
557	3.1176472
558	3.6714287
559	3.1824818
56	4.0609136
560	2.7272727
561	3.0677967
562	3.2083333
563	2.413793
564	2.0370371
565	2.6818182
566	3.5698323
567	2.8
568	3.6478262
569	2.7014925
57	4.0
570	3.1
571	2.5
572	2.7586207
573	2.939394
574	2.2
575	2.5454545
576	3.0215054
577	2.2195122
578	3.152174
579	2.631579
58	3.6457143
580	3.375
581	3.220339
582	3.6011906
583	3.0
584	3.544304
585	2.4871795
586	2.6764705
587	3.5714285
588	3.7920792
589	4.023256
59	4.0602407
590	2.0
591	3.6011236
592	3.3333333
593	3.1666667
594	2.4
595	3.09375
596	3.3779528
597	3.1504855
598	2.25
599	1.0
6	3.5769231
60	4.015625
600	3.0
601	4.0
602	3.7
603	4.38756
604	4.012346
605	3.3548386
606	4.0454545
607	3.969697
608	3.9333334
609	3.5833333
61	3.8644068
610	3.6585367
611	4.1
612	3.9411764
613	4.037037
614	3.745098
615	4.0508475
616	3.421875
617	3.7777777
618	3.6111112
619	3.171875
62	3.1417322
620	3.0930233
621	2.909091
622	3.3589745
623	2.9230769
624	3.2727273
625	3.3292682
626	3.25
627	3.2266667
628	3.514793
629	3.3376622
63	3.097561
630	3.2903225
631	3.6218488
632	3.8965516
633	4.057971
634	3.75
635	2.7391305
636	3.2417583
637	3.0263157
638	3.7727273
639	3.7
64	4.4452295
640	3.0243902
641	4.212121
642	3.483146
643	3.0
644	3.7714286
645	3.8148148
646	3.868421
647	4.1
648	4.029851
649	3.4
65	3.5391304
650	3.5416667
651	4.0760236
652	3.8888888
653	3.9117646
654	4.1360545
655	3.8810573
656	4.0
657	4.259542
658	3.4177215
659	4.078261
66	3.5493827
660	3.764706
661	4.1022725
662	3.4268293
663	3.9051723
664	3.5434783
665	2.83
666	2.4
667	2.1666667
668	2.1666667
669	1.6153846
67	3.0485437
670	3.0
671	3.6086957
672	2.7230768
673	3.5232558
674	2.8958333
675	3.5555556
676	3.3376622
677	3.0
678	2.8082192
679	3.046729
68	3.4179103
680	2.5588236
681	2.4444444
682	3.06
683	2.4081633
684	3.7928994
685	3.3566878
686	3.68
687	2.1884058
688	1.8409091
689	3.1494253
69	3.8535826
690	3.4580646
691	3.5
692	3.628049
693	3.6483517
694	4.0454545
695	2.9230769
696	3.1392405
697	3.425
698	3.0
699	3.6764705
7	3.7984693
70	3.6613545
700	2.6
701	4.0
702	3.018868
703	3.5789473
704	3.0416667
705	3.9927008
706	2.6666667
707	3.9285715
708	3.4752476
709	4.0288463
71	3.7818182
710	3.5696204
711	4.0
712	3.0784314
713	3.6111112
714	3.2307692
715	3.275862
716	3.1551723
717	2.817073
718	3.6875
719	2.413793
72	3.1937985
720	3.0232558
721	3.4444444
722	2.9310346
723	3.1470587
724	3.4868422
725	2.75
726	2.4285715
727	3.4603174
728	3.0222223
729	3.4814816
73	3.46875
730	3.5
731	3.1538463
732	3.65
733	3.2
734	2.5185184
735	3.8540146
736	3.9358974
737	2.9830508
738	2.8387096
739	3.3231707
74	3.0
740	3.4761906
741	3.4482758
742	3.6441948
743	1.948718
744	3.4565217
745	3.875
746	3.6638656
747	3.4607842
748	3.1234176
749	3.1764705
75	3.0
750	3.8548386
751	3.4277778
752	3.3076923
753	3.7083333
754	3.3859649
755	3.3125
756	2.8984375
757	2.75
758	1.7142857
759	2.1818182
76	3.4074075
760	2.652174
761	3.0454545
762	3.3913043
763	3.3892617
764	2.7586207
765	2.8125
766	3.1111112
767	2.1818182
768	3.0769231
769	2.452381
77	3.2781458
770	3.3859649
771	2.6341465
772	3.0612245
773	2.9411764
774	2.9375
775	2.7692308
776	3.2222223
777	1.25
778	3.5526316
779	2.548387
78	2.4545455
780	3.0
781	3.3333333
782	2.6
783	2.7297297
784	1.0
785	3.1538463
786	2.642857
787	3.2307692
788	1.6666666
789	3.5744681
79	4.044643
790	2.909091
791	2.5
792	3.7209303
793	3.5
794	3.652174
795	2.4285715
796	3.0833333
797	3.096774
798	2.2222223
799	3.2
8	3.9954338
80	2.764706
800	2.8846154
801	2.8125
802	2.7
803	2.5555556
804	2.875
805	3.6296296
806	3.46
807	2.7777777
808	2.8387096
809	2.9069767
81	3.5545454
810	2.8888888
811	3.9444444
812	3.1111112
813	3.892857
814	5.0
815	3.232143
816	2.4285715
817	2.6666667
818	2.76
819	2.7
82	3.7203064
820	2.7741935
821	3.0454545
822	3.0
823	2.878049
824	2.7551022
825	3.0361445
826	2.575
827	2.7719297
828	2.6923077
829	2.6470587
83	4.0625
830	1.0
831	2.4615386
832	2.5454545
833	3.2040815
834	2.2
835	3.8666666
836	3.7692308
837	3.92
838	2.75
839	2.5
84	3.0
840	2.6603773
841	2.75
842	3.148148
843	3.0
844	3.357143
845	3.465909
846	3.0681818
847	3.7272727
848	3.5555556
849	2.7169812
85	3.0344827
850	4.0
851	3.75
852	1.0
853	3.857143
854	3.375
855	3.7272727
856	3.8333333
857	3.0
858	1.0
859	2.6666667
86	3.94
860	2.25
861	2.3333333
862	2.1111112
863	3.9166667
864	3.1627908
865	3.4761906
866	3.3193278
867	4.0
868	3.8
869	3.0
87	3.905797
870	2.7777777
871	2.4
872	3.0952382
873	2.9629629
874	3.2564104
875	2.7358491
876	2.7021277
877	2.5384614
878	2.5151515
879	3.2720587
88	3.539906
880	3.1694915
881	2.9333334
882	3.2941177
883	3.2307692
884	3.2857144
885	2.2307692
886	3.0754716
887	3.609375
888	3.4666667
889	3.3846154
89	4.1381817
890	1.9534883
891	2.6666667
892	2.7547169
893	2.4285715
894	1.8947369
895	3.2169812
896	3.7727273
897	1.5
898	3.224138
899	3.4444444
9	3.896321
90	3.0526316
900	3.6904762
901	1.9166666
902	3.8333333
903	3.1111112
904	3.45
905	3.2222223
906	3.1904762
907	2.0
908	2.5
909	3.7692308
91	3.5874126
910	2.0
911	2.5
912	3.0
913	2.5
914	2.7272727
915	3.9230769
916	3.1666667
917	3.4285715
918	3.0
919	3.7916667
92	3.6153846
920	2.2
921	3.9782608
922	3.8235295
923	4.1551723
924	3.4
925	3.3235295
926	2.7029703
927	3.1666667
928	3.1153846
929	2.7
93	3.7232144
930	2.7
931	2.1578948
932	2.925
933	2.4285715
934	2.9264705
935	3.2857144
936	3.9375
937	3.4054055
938	2.88
939	3.6
94	3.0875912
940	2.34375
941	3.0652175
942	3.488889
943	3.475
944	3.0
945	3.925
946	3.147541
947	3.235294
948	2.1666667
949	3.3380282
95	3.8127854
950	2.9
951	2.8205128
952	3.1777778
953	3.3181818
954	3.5454545
955	3.4081633
956	3.6086957
957	2.0
958	3.7857144
959	3.46875
96	4.0067797
960	3.24
961	3.6176472
962	3.1304348
963	4.292683
964	3.3333333
965	3.6666667
966	4.1923075
967	3.1666667
968	3.7222223
969	3.8
97	3.7929688
970	3.25
971	3.6764705
972	3.1785715
973	3.5
974	3.03125
975	3.159091
976	1.8333334
977	2.6938775
978	2.5185184
979	3.2
98	4.2897434
980	3.1818182
981	1.75
982	2.8
983	2.4
984	2.8636363
985	2.8636363
986	2.5652175
987	2.5
988	2.3139534
989	2.84375
99	3.7093024
990	3.090909
991	2.24
992	3.0
993	3.5151515
994	2.2857144
995	3.1612904
996	2.5
997	2.125
998	2.5625
999	2.8
